2
50
-6885 7890 8050 -2899 -937 1849 383026 9201
7374 2918 9924 7843 1959 -3972 841627 9662
-1971 -5708 -7786 -1815 -5885 -5643 -486119 -1074
4515 1547 -7100 779 3656 5987 -89849 -6166
8146 -856 -6282 -679 -3444 -1151 743433 690
-6596 -8564 8816 -757 6011 -3028 -690629 -4771
915 6528 -6933 -8497 7601 -7109 -296724 4719
-9127 6149 -1130 6735 2849 -425 -534629 -6132
9791 -7162 -3139 -7554 -7578 -4524 -936233 -5409
8837 4613 -609 2573 -33 6630 -182010 -8920
-5272 -3932 -371 -9936 -8356 1081 -781007 495
-4325 -8127 4430 3318 4489 -6555 263049 -8654
-1562 -3969 -5873 -1235 -558 7363 -388930 4860
-118 -8322 5970 8779 -7888 2320 -688745 -6579
-8366 -5531 -8263 -802 -9610 4894 683287 315
-5513 1842 7082 -5678 -3005 -3077 556328 792
6657 -9381 5429 6688 -3481 -5442 450513 -8999
4381 9971 3296 -4814 8086 -6771 -191919 7400
-1624 -4977 -136 -8000 9610 -9535 -896224 4092
-8322 -8487 4270 9829 -1198 -3360 -921555 -2270
6391 8544 4191 -3820 -3575 9821 994568 -3113
-3764 -1489 -3221 -2399 -6877 -5066 -95835 -7795
6087 -2700 8730 -5327 -8330 -5217 -909472 8011
6826 751 9637 7922 -2696 -9532 -609738 -4725
-1745 8453 -9911 -7209 -3659 1336 -739185 -7228
155 4474 2994 6676 -4062 -1927 808512 -4405
8836 4680 8033 2556 -1759 4170 283431 7927
-9713 -7981 -9308 4526 9530 7478 -154464 5717
9361 -6780 2257 -2815 -1300 -2288 532336 -9855
-6498 2819 7309 3754 -1868 -2895 512877 5347
6803 2706 -1450 -8291 8931 2861 849443 -6843
-8812 498 -6888 -4728 -1974 2128 -128612 -2656
3659 1548 -8317 -48 -1905 -1079 404055 -1393
-6313 -4088 -8650 -551 -43 7094 -574555 -5039
9720 28 -9835 -9380 3872 -7751 419765 15
3664 -8692 5373 7859 -4744 -3053 -674717 5688
-4917 -9030 3403 4825 1298 -6793 -366673 -3756
4348 6399 -2836 2089 -3400 7084 -130577 -675
-7459 985 -1987 6714 1285 127 -268919 -7200
8248 802 5843 -618 -5292 -3881 -885719 9045
-9180 1928 -8587 9128 -81 -4488 815920 2609
-8304 -9442 925 -6761 -8550 -9342 -607761 3152
9615 -6913 5890 -7341 -1099 -7990 219420 -5383
-3635 4432 -8809 3576 1078 -8033 708256 -2937
-8080 5743 5253 -1198 206 3437 -494578 872
5464 -7472 -8047 -3120 -6652 -9355 -753886 -6890
3769 570 -8198 9533 5772 -6702 657455 5788
-8392 3581 5518 -4752 -6165 -7746 93207 5384
-5029 2695 5575 -8193 -1398 6294 -947278 3257
-4150 -7782 2134 -3852 5785 3781 118980 8373
8638 2798 -2593 2352 8964 -2593
50
5004 2852 -6633 -23 8685 8414 545067 6058
806 5753 -3307 -2689 8597 9105 -74191 -1851
-3694 9232 -4371 -156 4199 -217 -3964 -8777
-1679 456 -2694 -175 -1937 3458 814352 -3046
-6571 -8989 -8760 3907 7577 9170 -64478 8427
3719 -6343 -5657 -3067 3118 2820 -649371 5611
-1462 -6854 7934 -9727 7107 7805 779992 -2642
4287 6476 6604 5322 -1488 -3298 788887 -3672
-2971 -6156 8177 752 4886 7897 446279 1152
-7674 4013 -4420 7333 -7322 -2563 334427 -1778
-7636 1319 6118 4041 6805 1853 818773 -4295
7231 -8249 -3091 -759 4739 -2999 -34177 -8973
2335 8213 2639 7887 -2330 -5775 521432 -6406
4667 1809 -9813 4302 1261 -1262 -839372 -8086
9800 -4267 2904 4389 -3504 -9691 -452941 9273
-8550 -5460 -6650 8221 6067 -6564 418156 -6103
-8390 9830 -2296 6624 6761 5060 -980527 -7774
5918 -1070 -7045 6381 -2330 2425 62010 6504
-7677 -4576 5981 -7423 -3107 5998 -374352 -2677
6704 7955 -6238 8299 -5823 -7074 929332 3799
-4509 -78 4335 7573 9661 30 -54306 3755
8176 -4498 1854 787 -9882 6835 -762914 2150
-4816 8857 -7464 7676 4017 -6770 353098 5699
4010 -1371 5681 6491 -3866 9182 853617 2005
-4425 -6194 7568 9923 6601 -9976 -857618 6292
-9217 -705 3832 5849 6125 -9923 499052 -4135
8219 -1316 9720 858 -6556 8657 -272381 7827
-5073 5749 8034 -6153 -3390 -2205 -326489 3915
-7644 -3486 -3317 -140 -3458 8947 864388 4317
-108 -4333 -2055 6455 2819 -2647 -269670 -8005
-9115 8438 -3448 -9879 6318 9648 907188 7059
-6437 3407 8260 -8082 -3640 -5953 -29142 9401
1626 -5545 -6000 -8904 5164 -6084 355767 8435
-986 7880 -3613 916 6030 5796 -540957 4993
3514 -7137 -9303 -3257 -8101 7654 -108363 -8170
-3549 -6033 5780 -3277 -8835 -4661 -561299 9526
3388 2148 -2848 5317 3272 2179 368242 -6828
4199 -2151 -6717 -4820 -4661 5610 414823 515
9254 -5090 269 -7289 3237 2524 -873544 -8362
8831 -2416 -6641 -626 9296 9904 -777769 -8379
-4418 -6624 9989 -6334 5711 2058 319179 7631
-9701 7288 -2299 4012 -9961 -969 -518166 -4484
4401 -8501 -3004 7623 -2600 2345 -445606 -7845
5200 1691 2527 -3049 -7549 -1809 -799515 2661
1579 4736 -4687 952 -6577 -3596 845630 -5555
7456 -5261 -176 5292 4278 -2759 521149 -3557
2192 -9372 5152 6796 -2248 -5301 -492095 -6199
743 594 1949 2104 -4340 -9937 261480 5958
-316 3477 6525 -9331 9977 1791 -272351 2660
6537 -298 5244 4354 -1475 1324 -322675 1112
-6471 9225 -8517 8942 3040 -8517